0.90712,-2.62542,-0.57972,0.64193,1.65396
-0.70075,0.21363,-1.30824,-0.8382,0.36877
0.25714,-0.15008,-0.05863,0.20658,0.57327
0.19838,1.69864,1.61941,-0.94777,1.26669
-0.48011,2.09165,1.6404,1.38718,1.32606
0.30436,-0.52215,1.27835,0.9646,0.59415
-1.5862,1.49756,-0.89019,-0.26714,0.41482
-0.09477,1.85219,0.36539,-0.07112,-0.8673
0.33468,0.72358,-0.35904,0.89224,-0.37749
-0.63831,-1.21973,-0.50114,-0.0779,1.37967
1.39847,0.14261,-0.14445,0.80692,1.51853
1.16582,0.90453,0.14063,0.64543,1.1526
0.17599,0.01352,-0.03503,-1.16897,-0.77017
2.74934,-1.51557,-0.83649,2.44703,0.94688
-1.89887,-0.2938,-1.33004,-1.19484,-0.44091
0.85722,-1.23784,1.35307,2.54339,0.34924
-2.53096,0.29382,-1.41836,-2.88244,0.44862
0.71088,-1.05266,-1.37501,-0.4513,0.33912
1.77059,0.14149,0.86184,-0.08073,0.27981
0.43227,-1.61862,0.86659,1.86377,1.04578
0.11862,-0.48381,2.44286,1.6452,0.13727
-0.1615,1.06156,0.22517,-0.18145,1.85284
1.38751,1.87835,2.2021,1.18011,0.66954
0.64327,-1.5038,-0.49583,1.30629,-0.34279
-0.83442,-0.4864,-1.40863,-1.50436,-0.17456
2.29733,-0.47399,0.14213,0.15466,1.52712
0.81078,-0.05979,-0.47343,0.24743,1.38191
0.44348,-0.74753,0.15193,1.02397,0.31379
-0.47874,1.02765,1.87207,-0.46393,-1.50465
-0.16055,-1.04744,0.7363,0.80085,-0.11232
0.05555,-0.24557,-0.44579,0.71234,-1.16209
0.4826,-0.54121,1.20608,1.31492,0.56672
0.6831,0.26538,1.25714,1.95903,-1.4884
-0.40804,1.67187,-0.75542,-2.37609,0.54622
-0.24925,-0.28102,-1.44922,-0.46018,-0.99987
-2.7431,1.12905,-0.90074,-2.41227,-1.45582
0.65186,1.53035,0.63583,0.1088,0.70308
1.40192,0.55814,0.48654,1.52831,1.13229
-1.47844,-0.65967,-0.83509,0.89467,0.4742
-1.67735,-0.87,-2.28148,-0.17927,-1.96405
0.03469,0.3926,0.13959,-0.91099,-1.34102
0.49185,0.14227,1.76915,0.69636,-0.11589
2.3978,-2.26723,0.27362,1.70623,0.7139
-2.34769,0.80528,-0.91594,-2.25989,-1.31802
0.52651,1.16898,0.00824,-1.54495,0.45986
-0.03921,0.92447,0.99349,1.39693,1.03912
-1.95078,-2.26924,-1.22729,-1.74784,-0.26845
-0.51127,0.2135,-1.77155,-3.39837,0.14745
-0.13815,-0.05606,-0.74693,-0.12925,-0.87706
-1.24939,-0.89371,-1.70667,-0.50916,-0.47013
-1.38378,-0.98783,-0.7281,-0.86203,1.07304
-0.30479,0.33079,0.28775,0.05439,-0.76737
-0.44729,1.18131,0.57636,-0.49622,-0.78956
1.58815,0.07835,0.92619,-0.49365,-0.0272
0.6587,-0.74157,-0.65449,-1.54959,-0.03533
2.12232,-1.42008,0.89446,0.72518,-0.87092
-0.81465,-1.55424,-1.09298,0.08787,-1.14327
-1.75245,-0.36407,-1.4072,-2.06779,-0.12236
1.43136,-2.07076,-0.27716,-0.75889,2.17911
1.38211,-2.9438,0.43346,1.94019,0.35388
-2.38974,0.66738,2.0843,0.40278,0.84919
-0.99317,0.19264,-0.1688,-0.06141,1.34798
1.38786,0.4235,0.64093,0.57228,0.02938
1.40804,-1.21325,1.1505,2.6255,1.65107
0.65243,-0.24948,0.50687,1.59246,0.22077
-1.02111,-1.34685,-0.65771,0.89486,1.04319
-2.12425,-1.03163,-0.16564,-1.87673,1.17521
0.35367,-0.74365,-0.21858,-0.54487,1.1053
-2.01961,-0.54964,-0.60418,-1.81089,-0.7581
-0.49896,0.28849,-0.63414,0.49477,0.58117
0.89069,0.59708,0.03549,0.28006,0.81737
0.30816,-0.89814,-0.58744,0.26324,-0.77838
-0.63766,2.40675,0.99549,-1.45769,0.30866
3.24708,1.32123,2.66114,2.58581,-1.74024
-0.33872,-0.09928,-1.15528,-0.62941,-2.1011
-1.56326,2.06848,-0.74131,-2.14403,-1.32207
2.06511,0.20347,2.63923,1.23266,0.12998
-1.05292,-1.2926,-0.21311,0.11348,0.68192
0.09252,-0.98489,0.70466,1.29871,1.09439
-1.28684,0.24098,-2.24882,-2.10211,-1.09916
0.96787,-1.35935,0.29097,1.13351,-0.33097
-0.4052,0.01124,-2.27413,-2.46149,0.30566
2.4445,1.79258,0.31685,-0.00506,0.5611
-0.87621,-0.41903,-1.12121,-1.05517,-1.74208
-2.11466,-1.24183,-2.50078,-3.29093,0.28115
0.90177,-0.70692,1.17632,0.73037,0.64502
1.06395,0.61417,0.44334,-0.16858,0.34545
1.62159,-0.04005,-0.00284,1.04746,1.13553
-0.3132,0.88205,-0.1398,-1.28454,-0.40576
-1.60763,0.71216,-0.13556,-1.29464,0.01613
-0.21416,-1.59929,0.72243,0.87156,-0.14202
-0.25222,0.02607,-0.69799,-1.57427,-0.16762
-0.20984,0.90953,-1.47803,-2.84109,-0.88208
0.80512,0.18551,0.53912,0.96426,-0.56883
0.99906,-0.20629,-0.55493,0.56353,0.80997
-0.78084,-0.89834,-0.54158,0.9326,-0.97216
-0.96061,-0.07174,-0.54706,-1.43393,-1.28373
0.57276,0.93969,-0.92277,-1.07171,-0.59158
-0.35285,-0.77397,-2.90175,-1.43806,-0.5998
0.16168,0.35531,-2.40105,-0.57923,1.18579
-0.08215,-0.13841,-0.67952,0.81431,-0.34725
-0.86777,-0.40367,-2.75834,-1.46284,-0.74421
1.54256,0.49653,0.36845,0.77363,0.38649
-0.15584,-0.23825,-0.52273,0.84043,0.93986
-0.19963,1.36752,0.71642,-0.95095,1.11011
-0.86676,0.43038,-0.71224,-1.81093,-0.68145
0.03426,-1.38307,-0.92795,0.0245,-0.89852
-1.97284,-3.49336,0.63788,1.76729,-1.98698
-0.93256,-1.92852,-0.15508,-0.57791,-1.3135
-0.68186,0.8661,-0.88595,-0.52834,-0.58219
-1.63614,-1.73452,-1.59695,-2.99245,-0.48988
1.51115,-0.63391,0.54918,0.80168,0.14305
-0.39952,0.64114,-1.20584,-2.08352,-1.37359
0.17402,0.06693,-0.20407,-0.23533,-0.39466
-0.97852,-0.58044,-1.14376,0.94676,-0.77888
-0.62816,-0.65042,-0.64178,-0.8354,0.92918
-0.07692,0.97189,-1.18397,-0.56041,0.12134
-0.80562,1.4739,-1.71142,-1.40204,-1.04821
-0.40484,0.4582,-1.74685,-0.60582,-0.07044
-1.45692,-0.89791,-1.31473,-0.36324,-0.70729
-1.07483,-0.65985,0.47809,0.51398,0.79551
