1.74483,1.70937,-0.03103,0.09431,2.40894
1.76351,0.4497,0.39903,0.76043,1.06656
-0.20607,-1.13466,-0.38074,-1.17575,-0.05792
-0.74942,-0.18782,0.44114,-1.89977,-1.17827
1.8136,1.62175,-0.15418,0.97967,1.36026
-0.59747,-0.77214,-0.18464,-1.43799,-1.9012
0.6755,0.06121,1.09816,1.59626,-0.38593
-0.06733,1.77688,0.72427,1.01309,0.6844
1.88939,2.47662,-1.50042,-0.64954,1.24687
0.79064,0.60664,0.14858,0.50675,0.74122
1.75111,2.27951,-0.01694,1.3641,1.67598
1.52314,0.14569,-0.33788,0.44067,1.94158
-0.03996,-0.32902,-0.48358,0.01171,1.97528
-1.48988,-2.02635,-0.36816,-2.50621,-0.3532
-1.57185,-3.38697,0.65667,-0.94619,-1.59222
-1.77433,-1.31143,1.09515,0.66822,-0.8346
0.58785,-0.73382,-0.21796,-0.34006,0.1621
2.70932,0.5268,-0.4472,1.77177,1.33724
1.44673,1.4662,-1.4917,-0.48,1.64627
0.31463,-0.60405,-2.60287,-3.09533,-1.0808
-1.40903,-2.92509,-0.23547,-0.34775,-0.28465
1.69068,0.9731,-1.34754,-0.3615,0.30276
2.80414,0.39294,-1.24468,0.44164,2.69024
2.28234,0.69036,-2.72254,-0.69775,1.78694
-1.36031,-2.92092,-0.34955,-2.29786,0.94575
-1.03154,-1.85406,-0.01473,-2.04015,-0.22218
-0.5224,-0.16396,-0.16118,0.62543,0.86562
-2.17762,-1.42786,-0.68149,-2.2643,-1.98243
-1.47283,0.05689,1.19441,1.66534,-0.17637
-0.98393,-1.17074,1.49691,-1.50046,-1.0703
-1.12383,-0.12479,1.19493,0.21247,-3.56432
-0.84919,0.11337,0.83086,0.70019,-3.37744
-0.80075,-0.23385,-0.25432,0.26876,-1.84982
-0.52771,-0.15104,-1.12842,-0.14779,-0.0493
-3.03414,-0.77839,1.28495,-0.29256,-1.78968
-2.18789,-1.98991,0.00237,-0.8367,-2.09233
0.28351,0.08558,0.75248,0.49885,-0.28049
1.84286,1.32054,-0.08523,0.81164,-0.46398
2.48154,1.26643,-0.49006,1.29191,2.9477
-0.21282,-0.10698,1.11127,-0.35215,1.67328
1.4643,0.34298,-0.02607,0.05819,-0.10164
0.54723,0.26213,0.36888,0.54646,-0.69082
-2.14547,-0.15625,1.611,1.67745,-0.47286
-0.39036,0.07179,1.47725,1.37157,0.16783
0.7625,0.20558,-1.02597,-0.63114,1.07141
-1.59616,-1.44326,1.13723,-0.78095,0.36635
1.19254,0.80509,-1.1773,0.4531,0.55956
-0.20647,-0.33461,-1.08886,-1.58099,-0.93062
0.55834,1.54054,2.06965,2.85905,0.03102
1.01475,1.19791,0.48772,2.0205,1.26414
1.16208,-1.04939,-0.27239,-1.33033,0.37342
0.5678,0.62661,0.10587,0.6079,1.21189
-0.69133,-1.21441,0.04768,-1.53061,0.12373
-0.02541,0.32859,0.08403,-0.19887,1.02875
1.56497,-0.69939,-2.73119,-0.69957,0.82204
0.0579,-1.02935,0.69639,1.35219,-2.42318
1.2922,-0.15363,-0.56811,2.05727,1.17612
-0.57148,0.22858,-0.40771,-0.31192,0.05718
0.05995,0.79367,-0.6631,0.83505,-0.54314
2.27032,0.9642,-1.76199,0.01365,0.05939
0.40823,0.18644,-1.74158,0.02428,1.04106
2.37824,-0.59599,-1.34849,-0.87263,0.72865
2.18215,0.53375,-1.33225,-0.39078,0.07096
2.27924,1.06623,-1.67572,-0.76789,0.77264
1.04416,0.35987,-1.23251,-1.66042,-0.39545
-1.8995,-0.67621,0.9432,-1.04723,-1.59211
-1.87763,-0.19888,1.71223,0.48021,-2.51854
-1.57141,-0.34244,-1.04456,0.8877,-0.48629
1.13692,1.40959,1.37632,1.62121,0.76332
1.2573,1.6667,-3.60657,-0.53063,2.27872
-0.40998,-1.88606,-0.63398,-0.69216,0.63213
-0.55769,1.16401,1.71906,0.27161,0.03807
1.37876,1.3871,-0.10374,0.97829,0.50573
1.67198,1.19962,-1.71753,0.8354,1.61395
-2.48806,-0.47539,-0.23157,-1.54213,-1.89149
-1.50489,-2.60962,0.16241,-1.62645,-2.30521
0.31435,-0.01812,2.76148,1.66054,-0.82192
-0.05416,-1.30724,-0.94763,0.144,-0.2284
-0.79296,-0.54642,0.27473,-1.51196,-1.11465
-0.48207,-1.24536,-0.57356,0.26014,-1.50171
-1.09941,-0.57746,-0.99702,-0.54783,1.22063
0.47314,-0.29276,-0.71998,-0.6021,0.73138
0.14813,0.2112,0.07271,-0.53432,1.4594
1.65946,-0.21269,-0.24357,-0.08439,0.58766
0.72783,0.4129,-0.09283,0.81314,0.69262
0.18187,-0.8711,0.15653,0.68566,0.1233
-0.2853,-0.23607,1.67986,-0.55478,0.17696
-0.48143,-0.05283,-0.6891,0.11246,-0.00107
2.60184,1.21662,-0.38029,-0.20632,1.33918
-0.56499,-0.96319,-0.62214,-1.94124,-2.2464
-0.67606,0.61953,1.74078,2.422,1.23302
0.60369,-0.4652,-2.20493,-1.98355,-0.52174
-0.5666,0.19519,0.5107,0.65944,0.23563
0.02338,-0.57905,-1.51197,-0.58108,-1.44434
0.12519,0.01393,-1.13385,0.53236,0.92088
2.02549,0.67241,-0.38562,1.21482,1.1564
0.37809,-0.10378,1.2073,-0.89537,-1.53811
-0.17088,-1.46268,1.66492,-1.29481,-0.77792
-1.60353,0.09837,2.30322,-0.12498,1.29011
0.71409,0.64466,-0.23616,-0.2201,0.46581
-0.53575,0.65513,0.71071,0.01796,-1.6457
0.99281,0.50655,-0.86075,-0.28004,-0.35952
1.10256,1.61502,0.35677,1.84384,-0.06559
-0.2003,1.49702,1.12597,1.96712,0.5742
1.27136,0.05284,0.81902,0.46173,-0.88776
1.01997,0.88761,-0.10153,0.14312,0.36941
-0.19894,-0.93661,-0.46027,-0.25918,-1.66339
0.76112,0.78506,-1.16499,0.18699,-1.37649
-0.34433,0.5182,0.18042,0.18974,0.5788
-0.49404,-0.66116,-0.97377,-3.15154,-1.11502
-0.53798,0.12125,-0.47539,-1.05794,-1.4959
-0.22089,1.13979,2.17025,1.82985,0.89467
-1.4171,0.5336,0.89588,-1.29102,-1.85426
1.34852,2.89978,2.35587,1.47447,-0.0657
0.76788,0.39318,-0.50078,0.28182,0.76684
0.62684,0.36687,1.76494,1.414,0.83645
-0.47414,-1.63627,-0.10663,-0.20827,-0.75106
1.19323,0.13108,-1.77509,0.89837,0.26582
0.31849,1.51782,0.87282,2.31869,1.42389
0.37052,-0.27929,-2.03055,-0.53672,-0.07969
-0.1725,0.81243,-0.2597,1.47848,0.48367
