-0.62249,-2.17396,-1.30759,-1.2358,0.1156
1.08408,0.08115,-2.24726,-0.89984,0.81485
0.95736,-0.37075,-1.7645,0.3872,-1.64937
0.51025,-0.86881,-1.1491,0.28215,-0.0884
-1.35034,-1.11676,0.79758,-0.46513,-0.42636
-0.90782,-1.98479,-3.02755,-3.884,1.353
-1.41823,-3.19206,-1.24849,-1.89054,-0.22329
0.48729,-0.12502,0.76552,2.02951,0.7855
2.17045,1.31868,0.45337,1.67518,1.68269
0.4816,1.0401,1.96656,2.16806,-0.73557
-0.75582,0.55159,0.67662,0.40241,1.30106
-0.47048,-1.09064,-2.06416,-1.87831,1.83246
0.02515,-0.67541,0.024,-0.2293,0.49353
-1.75742,-0.87745,2.71867,0.76887,-0.63618
0.27269,-0.99597,0.45046,-0.43415,0.56241
0.5765,-0.81735,0.47251,1.64221,-0.48995
-0.39099,-1.15926,0.86981,-0.01341,0.01292
-1.21435,-0.47838,-0.50789,-1.32879,-0.4051
2.55162,0.83579,0.14948,2.9561,1.50756
1.80018,0.57366,-1.8439,1.65665,1.30694
0.55528,-0.20153,-2.47128,-1.50808,-0.22376
1.63989,-0.02066,-2.82489,-1.12156,-1.1009
0.49842,0.53957,-0.29541,2.21441,2.19895
0.03088,0.62078,2.9036,4.06573,1.81796
-1.97413,-0.05806,2.53981,1.09405,-0.24689
-0.99185,-0.18031,0.84561,-1.33976,0.05713
3.10908,1.58668,-1.59898,-1.28829,0.8732
0.18286,-1.86105,-2.43845,-2.22453,0.26677
0.64655,0.37738,-0.48889,1.63721,2.15604
-0.91621,1.00675,0.89089,1.59824,1.11809
-1.48095,-0.03447,2.13871,1.69269,-1.06707
-0.18062,-0.57705,-1.14323,-1.7853,0.53723
0.42245,1.34516,-1.28544,-1.18489,0.08871
0.00612,-0.62463,-0.94742,0.29501,-0.73099
-1.37631,3.16718,0.7967,2.19979,0.90898
-0.67534,0.82322,0.03605,0.6209,0.35078
-0.38352,1.85145,4.17168,4.09833,0.62275
-0.98187,2.84992,3.78877,2.40729,1.68135
0.43938,-0.22347,0.67054,-0.42514,-0.56867
-1.11298,-1.26079,-1.40326,-1.143,0.21814
0.86927,-0.48491,0.80382,1.71421,0.14771
1.69652,0.84156,2.49847,1.05188,-0.43882
1.35918,-0.65616,-1.17636,-1.40642,-0.01543
-0.15481,-1.39025,-1.05373,-1.18633,-0.33617
-0.19638,-0.6275,0.8215,1.17455,0.81007
1.31689,0.86959,-1.44519,-0.37044,0.99887
-0.92903,-1.12996,0.22464,-0.12446,0.88738
-1.59114,-1.7411,-0.04402,-0.0707,0.01777
-0.00793,-0.57028,-1.08569,-1.81098,-1.58668
-1.06183,0.19692,1.24233,1.44135,-0.15613
-0.95657,-0.70485,-0.99519,-2.46174,0.45325
-0.16448,0.20147,-0.87606,0.07298,-1.00807
0.43474,2.914,-0.04755,0.38252,0.63663
1.08151,0.40609,0.3309,0.72215,-0.04555
0.59532,0.86591,0.59002,0.39142,-1.66946
-0.60943,-0.99009,0.0983,-1.2801,-0.62417
-0.59237,0.74036,1.53723,1.92059,-0.60087
-1.27585,-1.44471,-2.58145,-2.50412,-0.72217
-1.61957,-2.28746,-0.29401,-1.15771,-1.02251
-0.5749,1.10669,1.48734,1.92078,-0.16674
-0.40781,-1.25627,-1.22675,-3.09601,-1.00028
-0.75754,-1.51491,0.86382,-0.37664,-0.99122
1.23505,-0.10664,-1.34125,-0.33628,0.79838
-0.40992,0.46075,0.32978,0.13247,-1.97622
-0.92965,0.73976,0.29119,0.85331,1.3501
0.3296,1.89886,0.61955,0.09881,2.42842
0.63938,0.74873,1.29593,1.19256,1.42116
0.19711,-1.04201,-0.79461,-0.6954,-1.28875
-0.13824,-0.76025,0.44973,-0.05234,-1.71866
-0.28639,-2.23281,-1.67031,-1.44779,-0.62635
-0.4608,-2.21054,-3.04429,-1.79029,1.20531
1.48912,1.26399,-1.63241,1.26353,1.49846
0.02547,-0.61815,-0.26482,-0.14584,1.00871
0.82,1.08897,1.3904,1.47141,-0.24183
1.39298,0.7677,-0.28009,1.40787,0.75207
-0.81369,-1.64631,-0.52721,-0.87335,-0.05465
0.42408,-1.2742,-1.08894,-2.26843,-1.08743
0.2611,-2.1079,-1.67201,-1.7859,-1.64776
1.72698,0.07632,-1.88482,-2.09438,-2.24873
1.25113,-0.15826,-0.95842,1.23314,0.01035
-0.11323,-1.27406,-1.13527,-2.04086,-0.34415
1.38466,-0.05978,1.1025,2.55925,-0.42809
2.22357,-0.00434,0.23738,-0.72572,0.0039
0.93678,0.44065,1.74098,2.83899,0.92341
-0.24492,-0.51042,1.75455,1.32765,-1.17045
-0.74318,-2.99232,-1.3575,-2.81813,-1.84502
0.34613,-1.23536,-0.02938,0.86905,-0.53245
0.39422,-0.83706,-0.53997,-0.39095,-0.23947
-0.0335,1.20055,1.44571,1.32811,-1.38692
-0.09319,0.63761,-0.85974,-0.82221,-0.44408
0.26062,-0.06381,-0.39429,-0.25388,-0.03459
2.06313,0.92403,-1.30396,1.67299,1.26372
0.85953,1.23206,-0.24833,2.43211,0.09166
0.0781,0.02416,1.1055,1.93471,0.39081
-0.17832,-0.85448,1.03988,0.12218,0.0611
1.23325,-0.97499,-0.17799,-0.61507,-0.35739
0.21308,-0.26808,-3.56083,-2.4022,0.11272
0.95507,-1.14971,-0.38807,-0.13813,-0.46484
-0.18809,0.96294,1.51012,2.29883,0.88709
-0.89235,0.93067,1.19937,-0.26069,-0.97136
-0.03014,-0.71851,-1.23246,-3.66692,-2.54758
-0.95596,-1.55812,-1.02079,-1.9628,-1.04705
-0.89596,0.95821,-0.83756,0.53102,-0.00838
-1.00321,-0.62083,0.13941,1.41981,-0.26036
-2.36836,-0.61318,1.23859,0.99406,-0.05491
-2.24506,-1.99493,-0.41988,-2.97147,-0.77511
0.45434,-0.02454,-1.49706,-2.60773,-2.95219
0.02438,0.7054,1.6032,2.13887,-0.54024
-0.33499,1.38408,-0.47002,-0.72385,-0.83779
-0.061,1.05844,-0.55395,0.19836,0.05492
0.02529,1.61708,2.41198,4.49974,1.07277
0.50622,-2.16025,-1.36554,-1.9777,0.4565
-0.4712,-0.73409,-0.96575,-1.34617,-0.58865
-0.5992,-1.66936,1.22918,-0.26435,-0.99743
-2.66689,-0.65022,3.18082,-0.06462,-0.53459
-0.07457,-2.34123,0.40304,-1.31795,-0.12874
-0.04497,-0.77303,-0.43872,-0.9137,-0.81197
-0.60693,-0.48374,-2.47376,-2.16935,-0.91216
0.15928,0.55054,0.252,0.93532,-0.5797
-1.0706,-1.66487,-0.26972,-1.26763,0.701
-0.3808,0.37532,1.16874,1.24413,1.2634
