2.15359,-1.3786,-0.50023,-0.08036,-0.5572
0.29795,0.34988,-0.5997,-0.08598,1.0842
-0.45449,-0.48404,-0.69507,0.20406,0.17248
-1.42262,-0.89865,0.50929,-0.30475,0.56653
-1.57136,-1.45562,-0.59649,-1.7767,-0.83073
-0.42535,0.01553,-1.06706,0.36021,-1.00186
-0.35577,0.74286,-1.34877,0.30333,0.85828
-1.4088,-0.49691,0.71378,-0.83174,-1.35819
-1.54608,-1.6412,1.77424,0.02201,0.85826
-0.31968,-1.64599,1.62007,0.3011,-1.89867
0.17216,-1.43312,0.5154,-0.24034,-0.06172
0.47092,-0.26146,0.62827,-0.85733,0.22937
-0.23801,1.1979,0.2805,0.8355,0.45221
-2.19347,-1.12361,0.08586,-1.01247,-0.67098
-0.66634,-0.1597,1.78123,0.8559,-0.04917
-0.44584,0.08461,0.81174,-0.17191,-1.02783
-2.03785,-2.77819,0.01564,-2.1008,-2.16554
-1.75965,-3.69617,-1.14422,-1.46224,-0.50401
-2.1841,-0.52192,1.70498,-0.91246,-1.32584
-1.98213,-0.8715,1.41292,-0.42348,-1.29933
-0.61327,-1.78376,0.78444,-0.67102,-0.84078
1.91857,0.79502,0.16451,0.23595,0.4172
-1.75523,-2.36295,-0.63644,-1.14432,-1.78028
0.11871,0.35857,-0.68593,1.00069,-1.20221
1.79064,3.86289,-2.05835,-0.12159,0.42698
1.25679,3.36237,0.47357,1.02913,-1.2524
-0.69158,-1.7965,0.7085,-1.33731,-1.08261
1.78459,-0.07629,0.0833,0.57563,0.53251
1.32145,0.02893,0.3949,0.37801,0.25641
-0.7593,-0.07315,0.90415,-0.28871,-1.77752
-1.87357,0.09335,1.15152,0.18873,-0.35913
-3.64584,-1.89021,1.72699,0.35324,-0.00786
-1.56999,-1.26754,-0.00686,0.43141,0.67161
0.17336,0.35635,-0.1998,1.06816,-0.01419
-1.85755,-0.40445,0.71043,-0.50441,0.00424
-0.2448,-0.45006,-0.78536,0.09851,-0.55825
1.9429,0.78852,-0.5739,0.74508,-0.95622
-0.21741,0.54986,1.83647,-0.24053,0.47203
-1.3118,-2.81565,1.38558,-0.10043,-0.62744
1.09245,-1.0797,0.44028,0.72677,0.85195
-0.65316,-1.48829,1.57212,0.05324,0.93884
0.60008,-0.70811,-0.4507,0.49407,1.93021
1.2771,-0.10064,-2.00917,0.43,0.6786
1.71069,0.84649,-1.57747,-0.90255,-0.61079
2.43975,0.81509,-0.42914,-0.57754,-1.64768
-0.42692,-1.18169,-2.43657,-0.63588,0.20907
0.69262,1.00154,-2.01682,-1.07539,-1.76725
0.01088,0.71249,-1.32383,-1.5895,-0.25116
-2.31476,0.46505,-0.48839,-2.71997,-1.73204
-1.3942,1.39298,-1.12043,-1.44755,-0.07048
0.46094,0.50153,-0.19229,1.38924,0.7918
-0.74259,1.52802,-1.163,-0.74256,0.53768
0.79493,0.56635,-0.9386,0.50768,0.70096
0.19646,0.72256,-2.67255,-0.59448,-0.15257
0.28452,-0.34559,0.05076,-0.31606,-1.3839
-0.91282,-0.1033,2.02686,0.10495,-0.46103
0.27388,0.61083,0.92008,0.6258,0.7269
-1.06574,-0.79828,-0.10063,0.62506,1.02198
1.18413,1.38313,0.63208,1.79666,-0.43486
0.99436,0.37289,-0.63234,0.38578,-0.05904
1.87833,2.42596,-0.41836,0.10356,-1.37924
-3.48659,-2.96633,2.09436,-2.10382,-1.45513
-2.88331,-1.32801,0.28408,-1.06245,-0.80544
-1.00976,-1.74112,1.16696,0.98198,-0.01301
0.38463,-0.18439,1.89108,-0.79879,0.04878
-1.7251,-0.72375,-0.25489,-1.16339,0.5451
0.51711,0.56589,-1.6228,0.11467,0.28706
0.19664,0.04195,-1.29048,-0.72192,0.86408
1.43711,0.59798,-0.85084,0.38135,0.2676
0.51494,-0.51793,-0.83626,-1.5796,-2.18956
1.58711,3.00103,-2.45748,-0.40726,0.38957
1.67352,2.84443,0.16213,1.35764,1.29556
2.46953,2.93074,0.41089,3.09655,1.28176
1.36972,-0.18435,-0.70068,-0.10523,1.00096
0.67745,0.01922,1.75055,-0.48112,1.50512
-1.25927,-1.01788,0.75526,0.80829,-0.19747
0.02417,-0.77124,-2.08486,0.02507,-1.98908
2.85892,2.57354,-2.65437,-0.33633,0.38913
1.85877,2.87224,-3.65643,-0.39148,0.22799
2.90194,2.95041,-3.734,1.28979,0.00669
3.32468,4.08912,-3.02336,1.17302,0.24822
2.66483,3.10231,-1.59249,0.6502,-0.39979
0.57935,2.9192,0.0106,0.06507,-0.52945
1.51206,1.58504,-1.52817,-0.57497,0.89867
0.6387,1.26673,-1.62424,0.9975,0.34082
0.44243,0.65509,-0.82239,-0.86523,-0.10777
-1.36277,0.75738,0.12233,0.85467,-0.12148
0.17927,0.09967,0.94528,0.80702,0.30468
0.76442,-0.94612,0.4482,0.2136,-1.10062
1.08707,-0.16777,-3.06463,0.91184,1.42925
0.16278,2.95303,0.67628,-0.73443,0.81315
3.79066,2.17956,-1.02278,1.18727,0.44688
3.16042,1.43357,-2.18312,0.21514,0.77449
-0.3169,-0.049,0.7149,-1.75717,0.6246
-1.80215,-0.01858,-1.08845,-0.11719,0.08823
1.07147,0.50351,-1.17168,0.47256,-0.00141
1.38225,0.56637,0.00344,1.16068,0.75108
-0.40047,-0.58646,0.55395,0.25626,-1.15315
0.8694,1.51085,-0.00705,1.33453,-0.11739
1.84654,0.78069,1.0299,-0.26209,0.25098
-1.54549,-1.36612,-0.37914,-0.89212,-0.59429
0.07481,0.66588,-1.35794,-0.30796,0.26724
2.05549,1.6152,-0.38011,2.05494,2.05432
0.04383,0.27091,-0.80315,-0.10012,-1.12916
0.2235,0.8733,0.25727,0.71229,-0.29799
-0.92643,-0.56708,1.31395,0.28542,-1.14066
3.13948,0.80972,-1.37594,3.31277,2.07013
2.98915,1.6267,-0.04028,2.70561,1.39182
0.54919,-1.12692,-0.30028,-0.26562,-1.07166
0.01301,1.54301,-0.25042,-0.49605,-1.13382
-2.02068,-0.55122,-1.13796,-1.59313,-0.53225
-0.75886,-1.19487,-1.0811,-0.49107,-1.76954
-1.57968,0.48675,-1.84549,-1.40164,0.07515
-2.44391,-0.89997,1.3886,-1.1184,0.05855
0.08958,-0.0717,3.25839,1.58974,0.63707
0.13406,-2.55695,2.11661,1.74824,1.88869
-0.7381,-0.17329,-0.9093,0.89796,1.95729
-0.3868,0.52506,1.58118,-0.93042,0.98354
-1.60281,-0.51677,0.156,-0.03874,1.17351
-0.22976,0.2081,0.71778,1.64204,0.73148
0.34069,-0.05633,0.93816,-0.77189,0.75835
